Extraction_solvent	Array_sample	Sample	BAM1	BAM2	BAM4	LM19	LM6-M	CBM3a	BS-400-2	BS-400-3	LM21	LM25	LM28	LM10	LM11	INRA-AX1	LM23	BAM7
H2O	1.Ha	S1_SRF	9.8847829	0.0000000	0.0000000	0.0000000	0.0000000	0.0000000	7.5968728	0.0000000	0.0000000	0.0000000	0.0000000	0.0000000	0.0000000	0.0000000	8.0753114	5.3380356
H2O	1.Ha	S1_SRF	8.1309291	0.0000000	0.0000000	0.0000000	0.0000000	0.0000000	7.9760844	0.0000000	0.0000000	0.0000000	0.0000000	0.0000000	0.0000000	0.0000000	9.4335210	7.2233493
H2O	1.Hb	S1_SRF	9.9890661	0.0000000	0.0000000	0.0000000	0.0000000	0.0000000	8.5044526	0.0000000	0.0000000	0.0000000	0.0000000	0.0000000	0.0000000	0.0000000	6.5123275	5.8594515
H2O	1.Hb	S1_SRF	9.0340848	0.0000000	0.0000000	0.0000000	0.0000000	0.0000000	7.6613387	0.0000000	0.0000000	0.0000000	0.0000000	0.0000000	0.0000000	5.4852961	7.6183614	6.9610613
H2O	2.Ha	S1_BML	0.0000000	0.0000000	0.0000000	0.0000000	0.0000000	0.0000000	0.0000000	0.0000000	0.0000000	0.0000000	0.0000000	0.0000000	0.0000000	0.0000000	0.0000000	0.0000000
H2O	2.Ha	S1_BML	0.0000000	0.0000000	0.0000000	0.0000000	0.0000000	0.0000000	0.0000000	0.0000000	0.0000000	0.0000000	0.0000000	0.0000000	0.0000000	0.0000000	0.0000000	0.0000000
H2O	2.Hb	S1_BML	0.0000000	0.0000000	0.0000000	0.0000000	0.0000000	0.0000000	0.0000000	0.0000000	0.0000000	0.0000000	0.0000000	0.0000000	0.0000000	0.0000000	0.0000000	0.0000000
H2O	2.Hb	S1_BML	0.0000000	0.0000000	0.0000000	0.0000000	0.0000000	0.0000000	0.0000000	0.0000000	0.0000000	0.0000000	0.0000000	0.0000000	0.0000000	0.0000000	0.0000000	0.0000000
H2O	3.Ha	S8_SRF	22.4208870	0.0000000	0.0000000	0.0000000	0.0000000	0.0000000	6.9288283	0.0000000	0.0000000	0.0000000	0.0000000	0.0000000	0.0000000	0.0000000	0.0000000	6.6937171
H2O	3.Ha	S8_SRF	21.7452583	0.0000000	0.0000000	0.0000000	0.0000000	0.0000000	7.0792489	0.0000000	0.0000000	0.0000000	0.0000000	0.0000000	0.0000000	0.0000000	0.0000000	6.5906979
H2O	3.Hb	S8_SRF	21.6062140	0.0000000	0.0000000	0.0000000	0.0000000	0.0000000	6.6532679	0.0000000	0.0000000	0.0000000	0.0000000	0.0000000	0.0000000	0.0000000	0.0000000	6.6747565
H2O	3.Hb	S8_SRF	21.3603585	0.0000000	0.0000000	0.0000000	0.0000000	0.0000000	6.8378175	0.0000000	0.0000000	0.0000000	0.0000000	0.0000000	0.0000000	0.0000000	0.0000000	5.9789032
H2O	4.Ha	S8_BML	18.8423933	0.0000000	0.0000000	0.0000000	0.0000000	0.0000000	7.1652035	0.0000000	0.0000000	0.0000000	0.0000000	0.0000000	0.0000000	0.0000000	0.0000000	0.0000000
H2O	4.Ha	S8_BML	21.5626047	0.0000000	0.0000000	0.0000000	0.0000000	0.0000000	6.8820589	0.0000000	0.0000000	0.0000000	0.0000000	0.0000000	0.0000000	0.0000000	0.0000000	5.3848050
H2O	4.Hb	S8_BML	19.7095239	0.0000000	0.0000000	0.0000000	0.0000000	0.0000000	6.6823407	0.0000000	0.0000000	0.0000000	0.0000000	0.0000000	0.0000000	0.0000000	0.0000000	0.0000000
H2O	4.Hb	S8_BML	19.5079097	0.0000000	0.0000000	0.0000000	0.0000000	0.0000000	7.0179430	0.0000000	0.0000000	0.0000000	0.0000000	0.0000000	0.0000000	0.0000000	0.0000000	0.0000000
H2O	5.Ha	S11_SRF	23.3695480	0.0000000	0.0000000	0.0000000	0.0000000	0.0000000	12.8495857	0.0000000	0.0000000	0.0000000	0.0000000	0.0000000	0.0000000	0.0000000	0.0000000	7.8648490
H2O	5.Ha	S11_SRF	23.9661743	0.0000000	0.0000000	0.0000000	0.0000000	0.0000000	12.8325212	0.0000000	0.0000000	0.0000000	0.0000000	0.0000000	0.0000000	0.0000000	0.0000000	8.2219399
H2O	5.Hb	S11_SRF	21.8912547	0.0000000	0.0000000	0.0000000	0.0000000	0.0000000	9.1731291	0.0000000	0.0000000	0.0000000	0.0000000	0.0000000	0.0000000	0.0000000	0.0000000	7.3706098
H2O	5.Hb	S11_SRF	22.3475727	0.0000000	0.0000000	0.0000000	0.0000000	0.0000000	11.2992422	0.0000000	0.0000000	0.0000000	0.0000000	0.0000000	0.0000000	0.0000000	0.0000000	6.7891520
H2O	6.Ha	S11_BML	17.5157847	0.0000000	0.0000000	0.0000000	0.0000000	0.0000000	12.8034483	0.0000000	0.0000000	0.0000000	0.0000000	0.0000000	0.0000000	0.0000000	0.0000000	6.2260228
H2O	6.Ha	S11_BML	17.6529329	0.0000000	0.0000000	0.0000000	0.0000000	0.0000000	12.4741662	0.0000000	0.0000000	0.0000000	0.0000000	0.0000000	0.0000000	0.0000000	0.0000000	6.0686499
H2O	6.Hb	S11_BML	18.2862163	0.0000000	0.0000000	0.0000000	0.0000000	0.0000000	13.6250735	0.0000000	0.0000000	0.0000000	0.0000000	0.0000000	0.0000000	0.0000000	0.0000000	6.9338845
H2O	6.Hb	S11_BML	19.6608584	0.0000000	0.0000000	0.0000000	0.0000000	0.0000000	13.3880662	0.0000000	0.0000000	0.0000000	0.0000000	0.0000000	0.0000000	0.0000000	0.0000000	7.2890793
H2O	7.Ha	S25_SRF	32.4927476	5.5674586	0.0000000	0.0000000	0.0000000	0.0000000	8.8463751	0.0000000	0.0000000	0.0000000	0.0000000	0.0000000	0.0000000	0.0000000	0.0000000	5.5750428
H2O	7.Ha	S25_SRF	33.1070704	0.0000000	0.0000000	0.0000000	0.0000000	0.0000000	8.6662495	0.0000000	0.0000000	0.0000000	0.0000000	0.0000000	0.0000000	0.0000000	0.0000000	0.0000000
H2O	7.Hb	S25_SRF	31.9384666	5.6578374	0.0000000	0.0000000	0.0000000	0.0000000	8.3540320	0.0000000	0.0000000	0.0000000	0.0000000	0.0000000	0.0000000	0.0000000	0.0000000	5.7166152
H2O	7.Hb	S25_SRF	32.3360068	5.1307332	0.0000000	0.0000000	0.0000000	0.0000000	7.6828274	0.0000000	0.0000000	0.0000000	0.0000000	0.0000000	0.0000000	0.0000000	0.0000000	5.0213939
H2O	8.Ha	S25_BML	32.7436593	0.0000000	0.0000000	0.0000000	0.0000000	0.0000000	6.3751793	0.0000000	0.0000000	0.0000000	0.0000000	0.0000000	0.0000000	0.0000000	0.0000000	0.0000000
H2O	8.Ha	S25_BML	31.2084842	0.0000000	0.0000000	0.0000000	0.0000000	0.0000000	6.8081126	0.0000000	0.0000000	0.0000000	0.0000000	0.0000000	0.0000000	0.0000000	0.0000000	0.0000000
H2O	8.Hb	S25_BML	30.2983763	0.0000000	0.0000000	0.0000000	0.0000000	0.0000000	5.4669675	0.0000000	0.0000000	0.0000000	0.0000000	0.0000000	0.0000000	0.0000000	0.0000000	0.0000000
H2O	8.Hb	S25_BML	29.7396712	0.0000000	0.0000000	0.0000000	0.0000000	0.0000000	5.6218123	0.0000000	0.0000000	0.0000000	0.0000000	0.0000000	0.0000000	0.0000000	0.0000000	0.0000000
H2O	9.Ha	S26_SRF	15.0635495	0.0000000	0.0000000	0.0000000	0.0000000	0.0000000	6.2841685	0.0000000	0.0000000	0.0000000	0.0000000	0.0000000	0.0000000	0.0000000	0.0000000	5.4789759
H2O	9.Ha	S26_SRF	16.6733029	0.0000000	0.0000000	0.0000000	0.0000000	0.0000000	9.4859787	0.0000000	0.0000000	0.0000000	0.0000000	0.0000000	0.0000000	0.0000000	0.0000000	5.6287645
H2O	9.Hb	S26_SRF	15.4882666	0.0000000	0.0000000	0.0000000	0.0000000	0.0000000	9.1250956	0.0000000	0.0000000	0.0000000	0.0000000	0.0000000	0.0000000	0.0000000	0.0000000	5.9757431
H2O	9.Hb	S26_SRF	14.9516821	0.0000000	0.0000000	0.0000000	0.0000000	0.0000000	7.9179386	0.0000000	0.0000000	0.0000000	0.0000000	0.0000000	0.0000000	0.0000000	0.0000000	5.1692864
H2O	10.Ha	S26_BML	15.3669188	0.0000000	0.0000000	0.0000000	0.0000000	0.0000000	9.7476347	0.0000000	0.0000000	0.0000000	0.0000000	0.0000000	0.0000000	0.0000000	0.0000000	0.0000000
H2O	10.Ha	S26_BML	16.8749170	0.0000000	0.0000000	0.0000000	0.0000000	0.0000000	10.8827414	0.0000000	0.0000000	0.0000000	0.0000000	0.0000000	0.0000000	0.0000000	0.0000000	0.0000000
H2O	10.Hb	S26_BML	12.4672140	0.0000000	0.0000000	0.0000000	0.0000000	0.0000000	7.1020016	0.0000000	0.0000000	0.0000000	0.0000000	0.0000000	0.0000000	0.0000000	0.0000000	0.0000000
H2O	10.Hb	S26_BML	11.5665864	0.0000000	0.0000000	0.0000000	0.0000000	0.0000000	8.0911119	0.0000000	0.0000000	0.0000000	0.0000000	0.0000000	0.0000000	0.0000000	0.0000000	0.0000000
H2O	11.Ha	S36_SRF	16.3832060	0.0000000	0.0000000	0.0000000	0.0000000	0.0000000	0.0000000	0.0000000	0.0000000	0.0000000	0.0000000	0.0000000	0.0000000	0.0000000	0.0000000	5.1831908
H2O	11.Ha	S36_SRF	18.2097419	0.0000000	0.0000000	0.0000000	0.0000000	0.0000000	0.0000000	0.0000000	0.0000000	0.0000000	0.0000000	0.0000000	0.0000000	0.0000000	0.0000000	0.0000000
H2O	11.Hb	S36_SRF	15.5464123	0.0000000	0.0000000	0.0000000	0.0000000	0.0000000	5.5390177	0.0000000	0.0000000	0.0000000	0.0000000	0.0000000	0.0000000	0.0000000	0.0000000	5.0169697
H2O	11.Hb	S36_SRF	16.3395966	0.0000000	0.0000000	0.0000000	0.0000000	0.0000000	0.0000000	0.0000000	0.0000000	0.0000000	0.0000000	0.0000000	0.0000000	0.0000000	0.0000000	0.0000000
H2O	12.Ha	S36_BML	11.5868110	0.0000000	0.0000000	0.0000000	0.0000000	0.0000000	0.0000000	0.0000000	0.0000000	0.0000000	0.0000000	0.0000000	0.0000000	0.0000000	0.0000000	0.0000000
H2O	12.Ha	S36_BML	11.4130057	0.0000000	0.0000000	0.0000000	0.0000000	0.0000000	0.0000000	0.0000000	0.0000000	0.0000000	0.0000000	0.0000000	0.0000000	0.0000000	0.0000000	0.0000000
H2O	12.Hb	S36_BML	10.1951044	0.0000000	0.0000000	0.0000000	0.0000000	0.0000000	0.0000000	0.0000000	0.0000000	0.0000000	0.0000000	0.0000000	0.0000000	0.0000000	0.0000000	0.0000000
H2O	12.Hb	S36_BML	9.3052211	0.0000000	0.0000000	0.0000000	0.0000000	0.0000000	0.0000000	0.0000000	0.0000000	0.0000000	0.0000000	0.0000000	0.0000000	0.0000000	0.0000000	0.0000000
H2O	13.Ha	S41_SRF	22.7451129	0.0000000	0.0000000	0.0000000	0.0000000	0.0000000	5.1054524	0.0000000	0.0000000	0.0000000	0.0000000	0.0000000	0.0000000	0.0000000	0.0000000	0.0000000
H2O	13.Ha	S41_SRF	21.4646417	0.0000000	0.0000000	0.0000000	0.0000000	0.0000000	0.0000000	0.0000000	0.0000000	0.0000000	0.0000000	0.0000000	0.0000000	0.0000000	0.0000000	0.0000000
H2O	13.Hb	S41_SRF	20.9255292	0.0000000	0.0000000	0.0000000	0.0000000	0.0000000	0.0000000	0.0000000	0.0000000	0.0000000	0.0000000	0.0000000	0.0000000	0.0000000	0.0000000	0.0000000
H2O	13.Hb	S41_SRF	20.2543246	0.0000000	0.0000000	0.0000000	0.0000000	0.0000000	5.4404227	0.0000000	0.0000000	0.0000000	0.0000000	0.0000000	0.0000000	0.0000000	0.0000000	0.0000000
H2O	14.Ha	S41_BML	11.4559830	0.0000000	0.0000000	0.0000000	0.0000000	0.0000000	0.0000000	0.0000000	0.0000000	0.0000000	0.0000000	0.0000000	0.0000000	0.0000000	0.0000000	0.0000000
H2O	14.Ha	S41_BML	11.7467119	0.0000000	0.0000000	0.0000000	0.0000000	0.0000000	0.0000000	0.0000000	0.0000000	0.0000000	0.0000000	0.0000000	0.0000000	0.0000000	0.0000000	0.0000000
H2O	14.Hb	S41_BML	9.3873836	0.0000000	0.0000000	0.0000000	0.0000000	0.0000000	0.0000000	0.0000000	0.0000000	0.0000000	0.0000000	0.0000000	0.0000000	0.0000000	0.0000000	0.0000000
H2O	14.Hb	S41_BML	11.4888480	0.0000000	0.0000000	0.0000000	0.0000000	0.0000000	0.0000000	0.0000000	0.0000000	0.0000000	0.0000000	0.0000000	0.0000000	0.0000000	0.0000000	0.0000000
H2O	15.Ha	S44_SRF	11.2455206	0.0000000	0.0000000	0.0000000	0.0000000	0.0000000	0.0000000	0.0000000	0.0000000	0.0000000	0.0000000	0.0000000	0.0000000	0.0000000	0.0000000	0.0000000
H2O	15.Ha	S44_SRF	12.0987467	0.0000000	0.0000000	0.0000000	0.0000000	0.0000000	0.0000000	0.0000000	0.0000000	0.0000000	0.0000000	0.0000000	0.0000000	0.0000000	0.0000000	0.0000000
H2O	15.Hb	S44_SRF	10.4087269	0.0000000	0.0000000	0.0000000	0.0000000	0.0000000	0.0000000	0.0000000	0.0000000	0.0000000	0.0000000	0.0000000	0.0000000	0.0000000	0.0000000	0.0000000
H2O	15.Hb	S44_SRF	10.6981918	0.0000000	0.0000000	0.0000000	0.0000000	0.0000000	5.5832591	0.0000000	0.0000000	0.0000000	0.0000000	0.0000000	0.0000000	0.0000000	0.0000000	0.0000000
H2O	16.Ha	S44_BML	11.9527502	0.0000000	0.0000000	0.0000000	0.0000000	0.0000000	0.0000000	0.0000000	0.0000000	0.0000000	0.0000000	0.0000000	0.0000000	0.0000000	0.0000000	0.0000000
H2O	16.Ha	S44_BML	12.4425652	0.0000000	0.0000000	0.0000000	0.0000000	0.0000000	0.0000000	0.0000000	0.0000000	0.0000000	0.0000000	0.0000000	0.0000000	0.0000000	0.0000000	0.0000000
H2O	16.Hb	S44_BML	10.3429969	0.0000000	0.0000000	0.0000000	0.0000000	0.0000000	0.0000000	0.0000000	0.0000000	0.0000000	0.0000000	0.0000000	0.0000000	0.0000000	0.0000000	0.0000000
H2O	16.Hb	S44_BML	11.8193941	0.0000000	0.0000000	0.0000000	0.0000000	0.0000000	0.0000000	0.0000000	0.0000000	0.0000000	0.0000000	0.0000000	0.0000000	0.0000000	0.0000000	0.0000000
H2O	17.Ha	S1_100	7.4028428	0.0000000	0.0000000	0.0000000	0.0000000	0.0000000	0.0000000	0.0000000	0.0000000	0.0000000	0.0000000	0.0000000	0.0000000	0.0000000	0.0000000	12.8615941
H2O	17.Ha	S1_100	8.1758025	0.0000000	0.0000000	0.0000000	0.0000000	0.0000000	0.0000000	0.0000000	0.0000000	0.0000000	0.0000000	0.0000000	0.0000000	0.0000000	0.0000000	12.0071039
H2O	17.Hb	S1_100	7.1228582	0.0000000	0.0000000	0.0000000	0.0000000	0.0000000	0.0000000	0.0000000	0.0000000	0.0000000	0.0000000	0.0000000	0.0000000	0.0000000	0.0000000	12.3060491
H2O	17.Hb	S1_100	0.0000000	0.0000000	0.0000000	0.0000000	0.0000000	0.0000000	0.0000000	0.0000000	0.0000000	0.0000000	0.0000000	0.0000000	0.0000000	0.0000000	0.0000000	10.1325345
H2O	18.Ha	S1_200	0.0000000	0.0000000	0.0000000	0.0000000	0.0000000	0.0000000	0.0000000	0.0000000	0.0000000	0.0000000	0.0000000	0.0000000	0.0000000	0.0000000	0.0000000	0.0000000
H2O	18.Ha	S1_200	0.0000000	0.0000000	0.0000000	0.0000000	0.0000000	0.0000000	0.0000000	0.0000000	0.0000000	0.0000000	0.0000000	0.0000000	0.0000000	0.0000000	0.0000000	0.0000000
H2O	18.Hb	S1_200	0.0000000	0.0000000	0.0000000	0.0000000	0.0000000	0.0000000	0.0000000	0.0000000	0.0000000	0.0000000	0.0000000	0.0000000	0.0000000	0.0000000	0.0000000	0.0000000
H2O	18.Hb	S1_200	0.0000000	0.0000000	0.0000000	0.0000000	0.0000000	0.0000000	0.0000000	0.0000000	0.0000000	0.0000000	0.0000000	0.0000000	0.0000000	0.0000000	0.0000000	0.0000000
H2O	19.Ha	S6_SRF	11.6569652	0.0000000	0.0000000	0.0000000	0.0000000	0.0000000	13.9132743	0.0000000	0.0000000	0.0000000	0.0000000	0.0000000	0.0000000	9.1573286	19.8978657	6.0648578
H2O	19.Ha	S6_SRF	11.1734704	0.0000000	0.0000000	0.0000000	0.0000000	0.0000000	15.7859477	0.0000000	0.0000000	0.0000000	0.0000000	0.0000000	0.0000000	9.0732700	20.8642233	5.6161241
H2O	19.Hb	S6_SRF	10.4106230	0.0000000	0.0000000	0.0000000	0.0000000	0.0000000	12.8401054	0.0000000	0.0000000	0.0000000	0.0000000	0.0000000	0.0000000	8.4614753	19.7550293	5.7140871
H2O	19.Hb	S6_SRF	10.3777580	0.0000000	0.0000000	0.0000000	0.0000000	0.0000000	14.4896760	0.0000000	0.0000000	0.0000000	0.0000000	0.0000000	0.0000000	8.3028384	20.1544655	5.0561549
H2O	20.Ha	S6_BML	7.0413277	0.0000000	0.0000000	0.0000000	0.0000000	0.0000000	7.9116184	0.0000000	0.0000000	0.0000000	0.0000000	0.0000000	0.0000000	0.0000000	0.0000000	6.9648534
H2O	20.Ha	S6_BML	7.6063531	0.0000000	0.0000000	0.0000000	0.0000000	0.0000000	8.9323297	0.0000000	0.0000000	0.0000000	0.0000000	0.0000000	0.0000000	0.0000000	0.0000000	5.3544681
H2O	20.Hb	S6_BML	6.2772163	0.0000000	0.0000000	0.0000000	0.0000000	0.0000000	8.0437105	0.0000000	0.0000000	0.0000000	0.0000000	0.0000000	0.0000000	0.0000000	0.0000000	6.2355031
H2O	20.Hb	S6_BML	5.4694956	0.0000000	0.0000000	0.0000000	0.0000000	0.0000000	8.1783306	0.0000000	0.0000000	0.0000000	0.0000000	0.0000000	0.0000000	0.0000000	0.0000000	5.2476568
H2O	21.Ha	S6_100	0.0000000	0.0000000	0.0000000	0.0000000	0.0000000	0.0000000	0.0000000	0.0000000	0.0000000	0.0000000	0.0000000	0.0000000	0.0000000	0.0000000	0.0000000	0.0000000
H2O	21.Ha	S6_100	0.0000000	0.0000000	0.0000000	0.0000000	0.0000000	0.0000000	0.0000000	0.0000000	0.0000000	0.0000000	0.0000000	0.0000000	0.0000000	0.0000000	0.0000000	0.0000000
H2O	21.Hb	S6_100	0.0000000	0.0000000	0.0000000	0.0000000	0.0000000	0.0000000	0.0000000	0.0000000	0.0000000	0.0000000	0.0000000	0.0000000	0.0000000	0.0000000	0.0000000	0.0000000
H2O	21.Hb	S6_100	0.0000000	0.0000000	0.0000000	0.0000000	0.0000000	0.0000000	0.0000000	0.0000000	0.0000000	0.0000000	0.0000000	0.0000000	0.0000000	0.0000000	0.0000000	0.0000000
H2O	22.Ha	S6_200	0.0000000	0.0000000	0.0000000	0.0000000	0.0000000	0.0000000	0.0000000	0.0000000	0.0000000	0.0000000	0.0000000	0.0000000	0.0000000	0.0000000	0.0000000	0.0000000
H2O	22.Ha	S6_200	0.0000000	0.0000000	0.0000000	0.0000000	0.0000000	0.0000000	0.0000000	0.0000000	0.0000000	0.0000000	0.0000000	0.0000000	0.0000000	0.0000000	0.0000000	0.0000000
H2O	22.Hb	S6_200	0.0000000	0.0000000	0.0000000	0.0000000	0.0000000	0.0000000	0.0000000	0.0000000	0.0000000	0.0000000	0.0000000	0.0000000	0.0000000	0.0000000	0.0000000	0.0000000
H2O	22.Hb	S6_200	0.0000000	0.0000000	0.0000000	0.0000000	0.0000000	0.0000000	0.0000000	0.0000000	0.0000000	0.0000000	0.0000000	0.0000000	0.0000000	0.0000000	0.0000000	0.0000000
H2O	23.Ha	Solvent_control	0.0000000	0.0000000	0.0000000	0.0000000	0.0000000	0.0000000	0.0000000	0.0000000	0.0000000	0.0000000	0.0000000	0.0000000	0.0000000	0.0000000	0.0000000	0.0000000
H2O	23.Ha	Solvent_control	0.0000000	0.0000000	0.0000000	0.0000000	0.0000000	0.0000000	0.0000000	0.0000000	0.0000000	0.0000000	0.0000000	0.0000000	0.0000000	0.0000000	0.0000000	0.0000000
H2O	23.Hb	Solvent_control	0.0000000	0.0000000	0.0000000	0.0000000	0.0000000	0.0000000	0.0000000	0.0000000	0.0000000	0.0000000	0.0000000	0.0000000	0.0000000	0.0000000	0.0000000	0.0000000
H2O	23.Hb	Solvent_control	0.0000000	0.0000000	0.0000000	0.0000000	0.0000000	0.0000000	0.0000000	0.0000000	0.0000000	0.0000000	0.0000000	0.0000000	0.0000000	0.0000000	0.0000000	0.0000000
EDTA	1.Ea	S1_SRF	0.0000000	0.0000000	0.0000000	0.0000000	0.0000000	0.0000000	0.0000000	0.0000000	0.0000000	0.0000000	0.0000000	0.0000000	0.0000000	0.0000000	0.0000000	0.0000000
EDTA	1.Ea	S1_SRF	0.0000000	0.0000000	0.0000000	0.0000000	0.0000000	0.0000000	0.0000000	0.0000000	0.0000000	0.0000000	0.0000000	0.0000000	0.0000000	0.0000000	0.0000000	0.0000000
EDTA	1.Eb	S1_SRF	0.0000000	0.0000000	0.0000000	0.0000000	0.0000000	0.0000000	5.4682315	0.0000000	0.0000000	0.0000000	0.0000000	0.0000000	0.0000000	0.0000000	0.0000000	0.0000000
EDTA	1.Eb	S1_SRF	0.0000000	0.0000000	0.0000000	0.0000000	0.0000000	0.0000000	5.8152102	0.0000000	0.0000000	0.0000000	0.0000000	0.0000000	0.0000000	0.0000000	0.0000000	0.0000000
EDTA	2.Ea	S1_BML	0.0000000	0.0000000	0.0000000	0.0000000	0.0000000	0.0000000	0.0000000	0.0000000	0.0000000	0.0000000	0.0000000	0.0000000	0.0000000	0.0000000	0.0000000	0.0000000
EDTA	2.Ea	S1_BML	0.0000000	0.0000000	0.0000000	0.0000000	0.0000000	0.0000000	0.0000000	0.0000000	0.0000000	0.0000000	0.0000000	0.0000000	0.0000000	0.0000000	0.0000000	0.0000000
EDTA	2.Eb	S1_BML	0.0000000	0.0000000	0.0000000	0.0000000	0.0000000	0.0000000	0.0000000	0.0000000	0.0000000	0.0000000	0.0000000	0.0000000	0.0000000	0.0000000	0.0000000	0.0000000
EDTA	2.Eb	S1_BML	0.0000000	0.0000000	0.0000000	0.0000000	0.0000000	0.0000000	0.0000000	0.0000000	0.0000000	0.0000000	0.0000000	0.0000000	0.0000000	0.0000000	0.0000000	0.0000000
EDTA	3.Ea	S8_SRF	5.1319972	0.0000000	0.0000000	0.0000000	0.0000000	0.0000000	5.7109270	0.0000000	0.0000000	0.0000000	0.0000000	0.0000000	0.0000000	0.0000000	0.0000000	0.0000000
EDTA	3.Ea	S8_SRF	5.7463201	0.0000000	0.0000000	0.0000000	0.0000000	0.0000000	6.5515127	0.0000000	0.0000000	0.0000000	0.0000000	0.0000000	0.0000000	0.0000000	0.0000000	0.0000000
EDTA	3.Eb	S8_SRF	0.0000000	0.0000000	0.0000000	0.0000000	0.0000000	0.0000000	5.5510261	0.0000000	0.0000000	0.0000000	0.0000000	0.0000000	0.0000000	0.0000000	0.0000000	0.0000000
EDTA	3.Eb	S8_SRF	6.2260228	0.0000000	0.0000000	0.0000000	0.0000000	0.0000000	7.1437149	0.0000000	0.0000000	0.0000000	0.0000000	0.0000000	0.0000000	0.0000000	0.0000000	0.0000000
EDTA	4.Ea	S8_BML	0.0000000	0.0000000	0.0000000	0.0000000	0.0000000	0.0000000	5.1446376	0.0000000	0.0000000	0.0000000	0.0000000	0.0000000	0.0000000	0.0000000	0.0000000	0.0000000
EDTA	4.Ea	S8_BML	0.0000000	0.0000000	0.0000000	0.0000000	0.0000000	0.0000000	5.0593150	0.0000000	0.0000000	0.0000000	0.0000000	0.0000000	0.0000000	0.0000000	0.0000000	0.0000000
EDTA	4.Eb	S8_BML	0.0000000	0.0000000	0.0000000	0.0000000	0.0000000	0.0000000	0.0000000	0.0000000	0.0000000	0.0000000	0.0000000	0.0000000	0.0000000	0.0000000	0.0000000	0.0000000
EDTA	4.Eb	S8_BML	5.2590331	0.0000000	0.0000000	0.0000000	0.0000000	0.0000000	0.0000000	0.0000000	0.0000000	0.0000000	0.0000000	0.0000000	0.0000000	0.0000000	0.0000000	0.0000000
EDTA	5.Ea	S11_SRF	0.0000000	0.0000000	0.0000000	0.0000000	0.0000000	0.0000000	9.2508674	0.0000000	0.0000000	0.0000000	0.0000000	0.0000000	0.0000000	0.0000000	0.0000000	0.0000000
EDTA	5.Ea	S11_SRF	0.0000000	0.0000000	0.0000000	0.0000000	0.0000000	0.0000000	11.1842147	0.0000000	0.0000000	0.0000000	0.0000000	0.0000000	0.0000000	0.0000000	0.0000000	0.0000000
EDTA	5.Eb	S11_SRF	0.0000000	0.0000000	0.0000000	0.0000000	0.0000000	0.0000000	9.3968639	0.0000000	0.0000000	0.0000000	0.0000000	0.0000000	0.0000000	0.0000000	0.0000000	0.0000000
EDTA	5.Eb	S11_SRF	0.0000000	0.0000000	0.0000000	0.0000000	0.0000000	0.0000000	10.7089361	0.0000000	0.0000000	0.0000000	0.0000000	0.0000000	0.0000000	0.0000000	0.0000000	0.0000000
EDTA	6.Ea	S11_BML	0.0000000	0.0000000	0.0000000	0.0000000	0.0000000	0.0000000	10.4694008	0.0000000	0.0000000	0.0000000	0.0000000	0.0000000	0.0000000	0.0000000	0.0000000	0.0000000
EDTA	6.Ea	S11_BML	0.0000000	0.0000000	0.0000000	0.0000000	0.0000000	0.0000000	11.0356901	0.0000000	0.0000000	0.0000000	0.0000000	0.0000000	0.0000000	0.0000000	0.0000000	0.0000000
EDTA	6.Eb	S11_BML	0.0000000	0.0000000	0.0000000	0.0000000	0.0000000	0.0000000	10.4662407	0.0000000	0.0000000	0.0000000	0.0000000	0.0000000	0.0000000	0.0000000	0.0000000	0.0000000
EDTA	6.Eb	S11_BML	0.0000000	0.0000000	0.0000000	0.0000000	0.0000000	0.0000000	11.4319663	0.0000000	0.0000000	0.0000000	0.0000000	0.0000000	0.0000000	0.0000000	0.0000000	0.0000000
EDTA	7.Ea	S25_SRF	9.0985508	0.0000000	0.0000000	0.0000000	0.0000000	0.0000000	6.6134506	0.0000000	0.0000000	0.0000000	0.0000000	0.0000000	0.0000000	0.0000000	0.0000000	0.0000000
EDTA	7.Ea	S25_SRF	8.6201121	0.0000000	0.0000000	0.0000000	0.0000000	0.0000000	6.5970181	0.0000000	0.0000000	0.0000000	0.0000000	0.0000000	0.0000000	0.0000000	0.0000000	0.0000000
EDTA	7.Eb	S25_SRF	9.0536774	0.0000000	0.0000000	0.0000000	0.0000000	0.0000000	7.4470842	0.0000000	0.0000000	0.0000000	0.0000000	0.0000000	0.0000000	0.0000000	0.0000000	0.0000000
EDTA	7.Eb	S25_SRF	9.2881566	0.0000000	0.0000000	0.0000000	0.0000000	0.0000000	7.2745429	0.0000000	0.0000000	0.0000000	0.0000000	0.0000000	0.0000000	0.0000000	0.0000000	0.0000000
EDTA	8.Ea	S25_BML	7.7163244	0.0000000	0.0000000	0.0000000	0.0000000	0.0000000	5.2874740	0.0000000	0.0000000	0.0000000	0.0000000	0.0000000	0.0000000	0.0000000	0.0000000	0.0000000
EDTA	8.Ea	S25_BML	8.7920214	0.0000000	0.0000000	0.0000000	0.0000000	0.0000000	5.5434419	0.0000000	0.0000000	0.0000000	0.0000000	0.0000000	0.0000000	0.0000000	0.0000000	0.0000000
EDTA	8.Eb	S25_BML	9.0460932	0.0000000	0.0000000	0.0000000	0.0000000	0.0000000	0.0000000	0.0000000	0.0000000	0.0000000	0.0000000	0.0000000	0.0000000	0.0000000	0.0000000	0.0000000
EDTA	8.Eb	S25_BML	9.2748842	0.0000000	0.0000000	0.0000000	0.0000000	0.0000000	5.1345253	0.0000000	0.0000000	0.0000000	0.0000000	0.0000000	0.0000000	0.0000000	0.0000000	0.0000000
EDTA	9.Ea	S26_SRF	0.0000000	0.0000000	0.0000000	0.0000000	0.0000000	0.0000000	8.4374585	0.0000000	0.0000000	0.0000000	0.0000000	0.0000000	0.0000000	0.0000000	0.0000000	0.0000000
EDTA	9.Ea	S26_SRF	0.0000000	0.0000000	0.0000000	0.0000000	0.0000000	0.0000000	8.3249591	0.0000000	0.0000000	0.0000000	0.0000000	0.0000000	0.0000000	0.0000000	0.0000000	0.0000000
EDTA	9.Eb	S26_SRF	0.0000000	0.0000000	0.0000000	0.0000000	0.0000000	0.0000000	7.8591608	0.0000000	0.0000000	0.0000000	0.0000000	0.0000000	0.0000000	0.0000000	0.0000000	0.0000000
EDTA	9.Eb	S26_SRF	0.0000000	0.0000000	0.0000000	0.0000000	0.0000000	0.0000000	6.5521448	0.0000000	0.0000000	0.0000000	0.0000000	0.0000000	0.0000000	0.0000000	0.0000000	0.0000000
EDTA	10.Ea	S26_BML	0.0000000	0.0000000	0.0000000	0.0000000	0.0000000	0.0000000	8.6390727	0.0000000	0.0000000	0.0000000	0.0000000	0.0000000	0.0000000	0.0000000	0.0000000	0.0000000
EDTA	10.Ea	S26_BML	0.0000000	0.0000000	0.0000000	0.0000000	0.0000000	0.0000000	9.6844327	0.0000000	0.0000000	0.0000000	0.0000000	0.0000000	0.0000000	0.0000000	0.0000000	0.0000000
EDTA	10.Eb	S26_BML	0.0000000	0.0000000	0.0000000	0.0000000	0.0000000	0.0000000	7.9482755	0.0000000	0.0000000	0.0000000	0.0000000	0.0000000	0.0000000	0.0000000	0.0000000	0.0000000
EDTA	10.Eb	S26_BML	0.0000000	0.0000000	0.0000000	0.0000000	0.0000000	0.0000000	7.7757342	0.0000000	0.0000000	0.0000000	0.0000000	0.0000000	0.0000000	0.0000000	0.0000000	0.0000000
EDTA	11.Ea	S36_SRF	0.0000000	0.0000000	0.0000000	0.0000000	0.0000000	0.0000000	0.0000000	0.0000000	0.0000000	0.0000000	0.0000000	0.0000000	0.0000000	0.0000000	0.0000000	0.0000000
EDTA	11.Ea	S36_SRF	0.0000000	0.0000000	0.0000000	0.0000000	0.0000000	0.0000000	0.0000000	0.0000000	0.0000000	0.0000000	0.0000000	0.0000000	0.0000000	0.0000000	0.0000000	0.0000000
EDTA	11.Eb	S36_SRF	0.0000000	0.0000000	0.0000000	0.0000000	0.0000000	0.0000000	0.0000000	0.0000000	0.0000000	0.0000000	0.0000000	0.0000000	0.0000000	0.0000000	0.0000000	0.0000000
EDTA	11.Eb	S36_SRF	0.0000000	0.0000000	0.0000000	0.0000000	0.0000000	0.0000000	0.0000000	0.0000000	0.0000000	0.0000000	0.0000000	0.0000000	0.0000000	0.0000000	0.0000000	0.0000000
EDTA	12.Ea	S36_BML	0.0000000	0.0000000	0.0000000	0.0000000	0.0000000	0.0000000	0.0000000	0.0000000	0.0000000	0.0000000	0.0000000	0.0000000	0.0000000	0.0000000	0.0000000	0.0000000
EDTA	12.Ea	S36_BML	0.0000000	0.0000000	0.0000000	0.0000000	0.0000000	0.0000000	0.0000000	0.0000000	0.0000000	0.0000000	0.0000000	0.0000000	0.0000000	0.0000000	0.0000000	0.0000000
EDTA	12.Eb	S36_BML	0.0000000	0.0000000	0.0000000	0.0000000	0.0000000	0.0000000	0.0000000	0.0000000	0.0000000	0.0000000	0.0000000	0.0000000	0.0000000	0.0000000	0.0000000	0.0000000
EDTA	12.Eb	S36_BML	0.0000000	0.0000000	0.0000000	0.0000000	0.0000000	0.0000000	0.0000000	0.0000000	0.0000000	0.0000000	0.0000000	0.0000000	0.0000000	0.0000000	0.0000000	0.0000000
EDTA	13.Ea	S41_SRF	0.0000000	0.0000000	0.0000000	0.0000000	0.0000000	0.0000000	0.0000000	0.0000000	0.0000000	0.0000000	0.0000000	0.0000000	0.0000000	0.0000000	0.0000000	0.0000000
EDTA	13.Ea	S41_SRF	0.0000000	0.0000000	0.0000000	0.0000000	0.0000000	0.0000000	0.0000000	0.0000000	0.0000000	0.0000000	0.0000000	0.0000000	0.0000000	0.0000000	0.0000000	0.0000000
EDTA	13.Eb	S41_SRF	0.0000000	0.0000000	0.0000000	0.0000000	0.0000000	0.0000000	0.0000000	0.0000000	0.0000000	0.0000000	0.0000000	0.0000000	0.0000000	0.0000000	0.0000000	0.0000000
EDTA	13.Eb	S41_SRF	0.0000000	0.0000000	0.0000000	0.0000000	0.0000000	0.0000000	0.0000000	0.0000000	0.0000000	0.0000000	0.0000000	0.0000000	0.0000000	0.0000000	0.0000000	0.0000000
EDTA	14.Ea	S41_BML	0.0000000	0.0000000	0.0000000	0.0000000	0.0000000	0.0000000	0.0000000	0.0000000	0.0000000	0.0000000	0.0000000	0.0000000	0.0000000	0.0000000	0.0000000	0.0000000
EDTA	14.Ea	S41_BML	0.0000000	0.0000000	0.0000000	0.0000000	0.0000000	0.0000000	0.0000000	0.0000000	0.0000000	0.0000000	0.0000000	0.0000000	0.0000000	0.0000000	0.0000000	0.0000000
EDTA	14.Eb	S41_BML	0.0000000	0.0000000	0.0000000	0.0000000	0.0000000	0.0000000	0.0000000	0.0000000	0.0000000	0.0000000	0.0000000	0.0000000	0.0000000	0.0000000	0.0000000	0.0000000
EDTA	14.Eb	S41_BML	0.0000000	0.0000000	0.0000000	0.0000000	0.0000000	0.0000000	0.0000000	0.0000000	0.0000000	0.0000000	0.0000000	0.0000000	0.0000000	0.0000000	0.0000000	0.0000000
EDTA	15.Ea	S44_SRF	0.0000000	0.0000000	0.0000000	0.0000000	0.0000000	0.0000000	0.0000000	0.0000000	0.0000000	0.0000000	0.0000000	0.0000000	0.0000000	0.0000000	0.0000000	0.0000000
EDTA	15.Ea	S44_SRF	0.0000000	0.0000000	0.0000000	0.0000000	0.0000000	0.0000000	0.0000000	0.0000000	0.0000000	0.0000000	0.0000000	0.0000000	0.0000000	0.0000000	0.0000000	0.0000000
EDTA	15.Eb	S44_SRF	0.0000000	0.0000000	0.0000000	0.0000000	0.0000000	0.0000000	0.0000000	0.0000000	0.0000000	0.0000000	0.0000000	0.0000000	0.0000000	0.0000000	0.0000000	0.0000000
EDTA	15.Eb	S44_SRF	0.0000000	0.0000000	0.0000000	0.0000000	0.0000000	0.0000000	0.0000000	0.0000000	0.0000000	0.0000000	0.0000000	0.0000000	0.0000000	0.0000000	0.0000000	0.0000000
EDTA	16.Ea	S44_BML	0.0000000	0.0000000	0.0000000	0.0000000	0.0000000	0.0000000	0.0000000	0.0000000	0.0000000	0.0000000	0.0000000	0.0000000	0.0000000	0.0000000	0.0000000	0.0000000
EDTA	16.Ea	S44_BML	0.0000000	0.0000000	0.0000000	0.0000000	0.0000000	0.0000000	0.0000000	0.0000000	0.0000000	0.0000000	0.0000000	0.0000000	0.0000000	0.0000000	0.0000000	0.0000000
EDTA	16.Eb	S44_BML	0.0000000	0.0000000	0.0000000	0.0000000	0.0000000	0.0000000	0.0000000	0.0000000	0.0000000	0.0000000	0.0000000	0.0000000	0.0000000	0.0000000	0.0000000	0.0000000
EDTA	16.Eb	S44_BML	0.0000000	0.0000000	0.0000000	0.0000000	0.0000000	0.0000000	0.0000000	0.0000000	0.0000000	0.0000000	0.0000000	0.0000000	0.0000000	0.0000000	0.0000000	0.0000000
EDTA	17.Ea	S1_100	0.0000000	0.0000000	0.0000000	0.0000000	0.0000000	0.0000000	0.0000000	0.0000000	0.0000000	0.0000000	0.0000000	0.0000000	0.0000000	0.0000000	0.0000000	0.0000000
EDTA	17.Ea	S1_100	0.0000000	0.0000000	0.0000000	0.0000000	0.0000000	0.0000000	0.0000000	0.0000000	0.0000000	0.0000000	0.0000000	0.0000000	0.0000000	0.0000000	0.0000000	0.0000000
EDTA	17.Eb	S1_100	0.0000000	0.0000000	0.0000000	0.0000000	0.0000000	0.0000000	0.0000000	0.0000000	0.0000000	0.0000000	0.0000000	0.0000000	0.0000000	0.0000000	0.0000000	0.0000000
EDTA	17.Eb	S1_100	0.0000000	0.0000000	0.0000000	0.0000000	0.0000000	0.0000000	0.0000000	0.0000000	0.0000000	0.0000000	0.0000000	0.0000000	0.0000000	0.0000000	0.0000000	0.0000000
EDTA	18.Ea	S1_200	0.0000000	0.0000000	0.0000000	0.0000000	0.0000000	0.0000000	0.0000000	0.0000000	0.0000000	0.0000000	0.0000000	0.0000000	0.0000000	0.0000000	0.0000000	0.0000000
EDTA	18.Ea	S1_200	0.0000000	0.0000000	0.0000000	0.0000000	0.0000000	0.0000000	0.0000000	0.0000000	0.0000000	0.0000000	0.0000000	0.0000000	0.0000000	0.0000000	0.0000000	0.0000000
EDTA	18.Eb	S1_200	0.0000000	0.0000000	0.0000000	0.0000000	0.0000000	0.0000000	0.0000000	0.0000000	0.0000000	0.0000000	0.0000000	0.0000000	0.0000000	0.0000000	0.0000000	0.0000000
EDTA	18.Eb	S1_200	0.0000000	0.0000000	0.0000000	0.0000000	0.0000000	0.0000000	0.0000000	0.0000000	0.0000000	0.0000000	0.0000000	0.0000000	0.0000000	0.0000000	0.0000000	0.0000000
EDTA	19.Ea	S6_SRF	0.0000000	0.0000000	0.0000000	0.0000000	0.0000000	0.0000000	9.0094360	0.0000000	0.0000000	0.0000000	0.0000000	0.0000000	0.0000000	0.0000000	9.7722834	0.0000000
EDTA	19.Ea	S6_SRF	0.0000000	0.0000000	0.0000000	0.0000000	0.0000000	0.0000000	10.3941905	0.0000000	0.0000000	0.0000000	0.0000000	0.0000000	0.0000000	5.2331203	10.3764939	0.0000000
EDTA	19.Eb	S6_SRF	0.0000000	0.0000000	0.0000000	0.0000000	0.0000000	0.0000000	10.3271964	0.0000000	0.0000000	0.0000000	0.0000000	0.0000000	0.0000000	5.1610701	9.9132237	0.0000000
EDTA	19.Eb	S6_SRF	0.0000000	0.0000000	0.0000000	0.0000000	0.0000000	0.0000000	10.6356219	0.0000000	0.0000000	0.0000000	0.0000000	0.0000000	0.0000000	5.1598061	10.8637809	0.0000000
EDTA	20.Ea	S6_BML	0.0000000	0.0000000	0.0000000	0.0000000	0.0000000	0.0000000	5.2040475	0.0000000	0.0000000	0.0000000	0.0000000	0.0000000	0.0000000	0.0000000	0.0000000	0.0000000
EDTA	20.Ea	S6_BML	0.0000000	0.0000000	0.0000000	0.0000000	0.0000000	0.0000000	0.0000000	0.0000000	0.0000000	0.0000000	0.0000000	0.0000000	0.0000000	0.0000000	0.0000000	0.0000000
EDTA	20.Eb	S6_BML	0.0000000	0.0000000	0.0000000	0.0000000	0.0000000	0.0000000	5.1282051	0.0000000	0.0000000	0.0000000	0.0000000	0.0000000	0.0000000	0.0000000	0.0000000	0.0000000
EDTA	20.Eb	S6_BML	0.0000000	0.0000000	0.0000000	0.0000000	0.0000000	0.0000000	5.1768706	0.0000000	0.0000000	0.0000000	0.0000000	0.0000000	0.0000000	0.0000000	0.0000000	0.0000000
EDTA	21.Ea	S6_100	0.0000000	0.0000000	0.0000000	0.0000000	0.0000000	0.0000000	0.0000000	0.0000000	0.0000000	0.0000000	0.0000000	0.0000000	0.0000000	0.0000000	0.0000000	0.0000000
EDTA	21.Ea	S6_100	0.0000000	0.0000000	0.0000000	0.0000000	0.0000000	0.0000000	0.0000000	0.0000000	0.0000000	0.0000000	0.0000000	0.0000000	0.0000000	0.0000000	0.0000000	0.0000000
EDTA	21.Eb	S6_100	0.0000000	0.0000000	0.0000000	0.0000000	0.0000000	0.0000000	0.0000000	0.0000000	0.0000000	0.0000000	0.0000000	0.0000000	0.0000000	0.0000000	0.0000000	0.0000000
EDTA	21.Eb	S6_100	0.0000000	0.0000000	0.0000000	0.0000000	0.0000000	0.0000000	0.0000000	0.0000000	0.0000000	0.0000000	0.0000000	0.0000000	0.0000000	0.0000000	0.0000000	0.0000000
EDTA	22.Ea	S6_200	0.0000000	0.0000000	0.0000000	0.0000000	0.0000000	0.0000000	0.0000000	0.0000000	0.0000000	0.0000000	0.0000000	0.0000000	0.0000000	0.0000000	0.0000000	0.0000000
EDTA	22.Ea	S6_200	0.0000000	0.0000000	0.0000000	0.0000000	0.0000000	0.0000000	0.0000000	0.0000000	0.0000000	0.0000000	0.0000000	0.0000000	0.0000000	0.0000000	0.0000000	0.0000000
EDTA	22.Eb	S6_200	0.0000000	0.0000000	0.0000000	0.0000000	0.0000000	0.0000000	0.0000000	0.0000000	0.0000000	0.0000000	0.0000000	0.0000000	0.0000000	0.0000000	0.0000000	0.0000000
EDTA	22.Eb	S6_200	0.0000000	0.0000000	0.0000000	0.0000000	0.0000000	0.0000000	0.0000000	0.0000000	0.0000000	0.0000000	0.0000000	0.0000000	0.0000000	0.0000000	0.0000000	0.0000000
EDTA	23.Ea	Solvent_control	0.0000000	0.0000000	0.0000000	0.0000000	0.0000000	0.0000000	0.0000000	0.0000000	0.0000000	0.0000000	0.0000000	0.0000000	0.0000000	0.0000000	0.0000000	0.0000000
EDTA	23.Ea	Solvent_control	0.0000000	0.0000000	0.0000000	0.0000000	0.0000000	0.0000000	0.0000000	0.0000000	0.0000000	0.0000000	0.0000000	0.0000000	0.0000000	0.0000000	0.0000000	0.0000000
EDTA	23.Eb	Solvent_control	0.0000000	0.0000000	0.0000000	0.0000000	0.0000000	0.0000000	0.0000000	0.0000000	0.0000000	0.0000000	0.0000000	0.0000000	0.0000000	0.0000000	0.0000000	0.0000000
EDTA	23.Eb	Solvent_control	0.0000000	0.0000000	0.0000000	0.0000000	0.0000000	0.0000000	0.0000000	0.0000000	0.0000000	0.0000000	0.0000000	0.0000000	0.0000000	0.0000000	0.0000000	0.0000000
NaOH	1.Na	S1_SRF	6.2854326	0.0000000	6.3227217	0.0000000	0.0000000	6.3164015	0.0000000	7.8326160	0.0000000	0.0000000	12.6523957	0.0000000	0.0000000	0.0000000	0.0000000	0.0000000
NaOH	1.Na	S1_SRF	0.0000000	0.0000000	7.7599338	0.0000000	0.0000000	6.6962452	0.0000000	9.0372449	6.3682271	0.0000000	5.9959677	0.0000000	0.0000000	0.0000000	0.0000000	0.0000000
NaOH	1.Nb	S1_SRF	0.0000000	0.0000000	6.9376766	0.0000000	0.0000000	6.1937898	0.0000000	8.6239042	6.2759523	0.0000000	11.4907441	0.0000000	0.0000000	0.0000000	0.0000000	0.0000000
NaOH	1.Nb	S1_SRF	0.0000000	0.0000000	6.4693502	0.0000000	0.0000000	5.6925984	0.0000000	11.2720654	7.1373947	0.0000000	12.9677733	0.0000000	0.0000000	0.0000000	0.0000000	0.0000000
NaOH	2.Na	S1_BML	0.0000000	0.0000000	0.0000000	0.0000000	0.0000000	17.7622722	0.0000000	0.0000000	7.1892203	0.0000000	9.3399822	0.0000000	0.0000000	0.0000000	0.0000000	0.0000000
NaOH	2.Na	S1_BML	0.0000000	0.0000000	5.2002553	0.0000000	0.0000000	6.5376083	0.0000000	0.0000000	8.6555052	0.0000000	9.8323253	0.0000000	0.0000000	0.0000000	0.0000000	0.0000000
NaOH	2.Nb	S1_BML	0.0000000	0.0000000	0.0000000	0.0000000	0.0000000	5.9555185	0.0000000	0.0000000	6.7897840	0.0000000	10.0130828	0.0000000	0.0000000	0.0000000	0.0000000	0.0000000
NaOH	2.Nb	S1_BML	0.0000000	0.0000000	5.9738470	0.0000000	0.0000000	6.3303060	0.0000000	0.0000000	7.9880928	0.0000000	0.0000000	0.0000000	0.0000000	0.0000000	0.0000000	0.0000000
NaOH	3.Na	S8_SRF	0.0000000	0.0000000	0.0000000	0.0000000	0.0000000	7.5033339	0.0000000	0.0000000	5.9814313	0.0000000	13.4215632	0.0000000	0.0000000	0.0000000	0.0000000	0.0000000
NaOH	3.Na	S8_SRF	0.0000000	0.0000000	0.0000000	0.0000000	0.0000000	0.0000000	0.0000000	0.0000000	6.8668904	0.0000000	14.8853201	5.7798171	7.2479981	0.0000000	0.0000000	0.0000000
NaOH	3.Nb	S8_SRF	0.0000000	0.0000000	0.0000000	0.0000000	0.0000000	7.2284055	0.0000000	0.0000000	5.6856462	0.0000000	5.1895110	6.1084672	0.0000000	0.0000000	0.0000000	0.0000000
NaOH	3.Nb	S8_SRF	0.0000000	0.0000000	0.0000000	0.0000000	0.0000000	0.0000000	0.0000000	0.0000000	6.0395771	0.0000000	0.0000000	0.0000000	0.0000000	0.0000000	0.0000000	0.0000000
NaOH	4.Na	S8_BML	0.0000000	0.0000000	0.0000000	0.0000000	0.0000000	6.6861329	0.0000000	0.0000000	5.4543271	0.0000000	6.7404865	0.0000000	0.0000000	0.0000000	0.0000000	0.0000000
NaOH	4.Na	S8_BML	0.0000000	0.0000000	0.0000000	0.0000000	0.0000000	0.0000000	0.0000000	0.0000000	6.3638030	0.0000000	0.0000000	0.0000000	0.0000000	0.0000000	0.0000000	0.0000000
NaOH	4.Nb	S8_BML	0.0000000	0.0000000	0.0000000	0.0000000	0.0000000	0.0000000	0.0000000	0.0000000	5.6982866	0.0000000	0.0000000	0.0000000	0.0000000	0.0000000	0.0000000	0.0000000
NaOH	4.Nb	S8_BML	0.0000000	0.0000000	0.0000000	0.0000000	0.0000000	0.0000000	0.0000000	0.0000000	5.4947764	0.0000000	6.8296013	0.0000000	5.2514489	0.0000000	0.0000000	0.0000000
NaOH	5.Na	S11_SRF	0.0000000	0.0000000	0.0000000	0.0000000	5.3715326	9.2989009	0.0000000	0.0000000	5.4277823	6.3713872	17.4393103	0.0000000	0.0000000	0.0000000	0.0000000	0.0000000
NaOH	5.Na	S11_SRF	0.0000000	0.0000000	0.0000000	0.0000000	0.0000000	0.0000000	0.0000000	0.0000000	5.5971635	6.0446332	0.0000000	0.0000000	0.0000000	0.0000000	0.0000000	0.0000000
NaOH	5.Nb	S11_SRF	0.0000000	0.0000000	0.0000000	0.0000000	0.0000000	0.0000000	0.0000000	0.0000000	0.0000000	0.0000000	0.0000000	0.0000000	0.0000000	0.0000000	0.0000000	0.0000000
NaOH	5.Nb	S11_SRF	0.0000000	0.0000000	0.0000000	0.0000000	0.0000000	0.0000000	0.0000000	0.0000000	0.0000000	0.0000000	5.9732150	0.0000000	0.0000000	0.0000000	0.0000000	0.0000000
NaOH	6.Na	S11_BML	0.0000000	0.0000000	0.0000000	0.0000000	0.0000000	8.3192709	0.0000000	0.0000000	0.0000000	0.0000000	9.8405415	0.0000000	0.0000000	0.0000000	0.0000000	0.0000000
NaOH	6.Na	S11_BML	0.0000000	0.0000000	0.0000000	0.0000000	0.0000000	14.5806868	0.0000000	0.0000000	6.1805174	0.0000000	5.9896475	0.0000000	0.0000000	0.0000000	0.0000000	0.0000000
NaOH	6.Nb	S11_BML	0.0000000	0.0000000	0.0000000	0.0000000	0.0000000	0.0000000	0.0000000	0.0000000	5.5086808	0.0000000	0.0000000	0.0000000	0.0000000	0.0000000	0.0000000	0.0000000
NaOH	6.Nb	S11_BML	6.6608521	0.0000000	0.0000000	0.0000000	0.0000000	0.0000000	0.0000000	0.0000000	5.5977955	0.0000000	0.0000000	0.0000000	0.0000000	0.0000000	0.0000000	0.0000000
NaOH	7.Na	S25_SRF	5.2015194	0.0000000	0.0000000	0.0000000	0.0000000	6.3296739	0.0000000	6.1944218	0.0000000	0.0000000	9.7413145	0.0000000	0.0000000	0.0000000	0.0000000	0.0000000
NaOH	7.Na	S25_SRF	5.3032745	0.0000000	0.0000000	0.0000000	0.0000000	0.0000000	5.7102950	5.4018695	5.1699184	0.0000000	6.3107134	0.0000000	0.0000000	0.0000000	0.0000000	0.0000000
NaOH	7.Nb	S25_SRF	5.9984958	0.0000000	0.0000000	0.0000000	0.0000000	0.0000000	0.0000000	6.6267230	5.3867010	0.0000000	7.4350758	0.0000000	6.3884517	0.0000000	0.0000000	0.0000000
NaOH	7.Nb	S25_SRF	5.5415458	0.0000000	0.0000000	0.0000000	0.0000000	9.7059214	5.3399316	6.2253907	5.1218849	0.0000000	5.1313652	0.0000000	0.0000000	0.0000000	0.0000000	0.0000000
NaOH	8.Na	S25_BML	0.0000000	0.0000000	0.0000000	0.0000000	0.0000000	0.0000000	0.0000000	0.0000000	0.0000000	0.0000000	0.0000000	0.0000000	6.1350120	0.0000000	0.0000000	0.0000000
NaOH	8.Na	S25_BML	0.0000000	0.0000000	0.0000000	0.0000000	0.0000000	0.0000000	0.0000000	0.0000000	0.0000000	0.0000000	0.0000000	0.0000000	0.0000000	0.0000000	0.0000000	0.0000000
NaOH	8.Nb	S25_BML	0.0000000	0.0000000	6.6722284	0.0000000	0.0000000	0.0000000	0.0000000	0.0000000	0.0000000	0.0000000	0.0000000	0.0000000	0.0000000	0.0000000	0.0000000	0.0000000
NaOH	8.Nb	S25_BML	0.0000000	0.0000000	0.0000000	0.0000000	0.0000000	0.0000000	0.0000000	0.0000000	5.3228671	0.0000000	0.0000000	0.0000000	0.0000000	0.0000000	0.0000000	0.0000000
NaOH	9.Na	S26_SRF	0.0000000	0.0000000	0.0000000	0.0000000	0.0000000	5.6230763	0.0000000	0.0000000	7.0002465	0.0000000	11.6487489	0.0000000	0.0000000	0.0000000	0.0000000	0.0000000
NaOH	9.Na	S26_SRF	0.0000000	0.0000000	0.0000000	0.0000000	0.0000000	8.4260822	0.0000000	0.0000000	6.8447697	0.0000000	11.6525410	5.4025015	0.0000000	0.0000000	0.0000000	0.0000000
NaOH	9.Nb	S26_SRF	0.0000000	0.0000000	7.7706781	0.0000000	0.0000000	0.0000000	0.0000000	0.0000000	5.9384540	0.0000000	6.3151375	0.0000000	0.0000000	0.0000000	0.0000000	0.0000000
NaOH	9.Nb	S26_SRF	0.0000000	0.0000000	0.0000000	0.0000000	0.0000000	0.0000000	0.0000000	0.0000000	6.7493348	0.0000000	8.2409005	0.0000000	0.0000000	0.0000000	0.0000000	0.0000000
NaOH	10.Na	S26_BML	0.0000000	0.0000000	0.0000000	0.0000000	0.0000000	5.4157739	0.0000000	0.0000000	6.3631710	0.0000000	8.5904072	0.0000000	0.0000000	0.0000000	0.0000000	0.0000000
NaOH	10.Na	S26_BML	0.0000000	0.0000000	0.0000000	0.0000000	0.0000000	0.0000000	0.0000000	0.0000000	5.2495528	0.0000000	8.3319113	6.8896431	0.0000000	0.0000000	0.0000000	0.0000000
NaOH	10.Nb	S26_BML	0.0000000	0.0000000	5.2817858	0.0000000	0.0000000	0.0000000	0.0000000	0.0000000	5.8335387	0.0000000	14.3746484	0.0000000	0.0000000	0.0000000	0.0000000	0.0000000
NaOH	10.Nb	S26_BML	0.0000000	0.0000000	0.0000000	0.0000000	0.0000000	0.0000000	0.0000000	0.0000000	5.2280642	0.0000000	10.8106912	5.2375445	0.0000000	0.0000000	0.0000000	0.0000000
NaOH	11.Na	S36_SRF	6.7347984	0.0000000	0.0000000	0.0000000	0.0000000	9.3235497	0.0000000	0.0000000	6.0951948	0.0000000	8.9443381	0.0000000	0.0000000	0.0000000	0.0000000	0.0000000
NaOH	11.Na	S36_SRF	5.1566460	0.0000000	0.0000000	0.0000000	0.0000000	0.0000000	0.0000000	0.0000000	5.4992005	0.0000000	9.7918760	5.6464610	0.0000000	0.0000000	0.0000000	0.0000000
NaOH	11.Nb	S36_SRF	0.0000000	0.0000000	0.0000000	0.0000000	0.0000000	8.4911802	0.0000000	0.0000000	6.6557959	0.0000000	8.2326842	5.0567869	0.0000000	0.0000000	0.0000000	0.0000000
NaOH	11.Nb	S36_SRF	0.0000000	0.0000000	0.0000000	0.0000000	0.0000000	0.0000000	0.0000000	0.0000000	5.6944945	0.0000000	9.3248137	5.3411957	0.0000000	0.0000000	0.0000000	0.0000000
NaOH	12.Na	S36_BML	0.0000000	0.0000000	0.0000000	5.9738470	10.2387137	8.1353533	0.0000000	0.0000000	0.0000000	0.0000000	9.2306428	0.0000000	0.0000000	0.0000000	0.0000000	0.0000000
NaOH	12.Na	S36_BML	0.0000000	0.0000000	0.0000000	5.7880333	7.5981368	0.0000000	0.0000000	0.0000000	0.0000000	0.0000000	6.0781302	0.0000000	0.0000000	0.0000000	0.0000000	0.0000000
NaOH	12.Nb	S36_BML	0.0000000	0.0000000	0.0000000	7.4534044	13.2098367	5.5756748	0.0000000	0.0000000	0.0000000	0.0000000	6.1495484	0.0000000	0.0000000	0.0000000	0.0000000	0.0000000
NaOH	12.Nb	S36_BML	0.0000000	0.0000000	0.0000000	6.4674542	11.5179209	0.0000000	0.0000000	0.0000000	0.0000000	0.0000000	7.3725059	0.0000000	0.0000000	0.0000000	0.0000000	0.0000000
NaOH	13.Na	S41_SRF	0.0000000	0.0000000	0.0000000	0.0000000	0.0000000	0.0000000	0.0000000	0.0000000	0.0000000	0.0000000	0.0000000	0.0000000	0.0000000	0.0000000	0.0000000	0.0000000
NaOH	13.Na	S41_SRF	0.0000000	0.0000000	0.0000000	0.0000000	0.0000000	0.0000000	0.0000000	0.0000000	0.0000000	0.0000000	0.0000000	0.0000000	0.0000000	0.0000000	0.0000000	0.0000000
NaOH	13.Nb	S41_SRF	0.0000000	0.0000000	0.0000000	0.0000000	0.0000000	0.0000000	0.0000000	0.0000000	0.0000000	0.0000000	0.0000000	0.0000000	0.0000000	0.0000000	0.0000000	0.0000000
NaOH	13.Nb	S41_SRF	0.0000000	0.0000000	0.0000000	0.0000000	0.0000000	5.8474432	0.0000000	0.0000000	0.0000000	0.0000000	10.5433470	0.0000000	0.0000000	0.0000000	0.0000000	0.0000000
NaOH	14.Na	S41_BML	0.0000000	0.0000000	0.0000000	0.0000000	0.0000000	0.0000000	0.0000000	0.0000000	0.0000000	0.0000000	7.6929397	0.0000000	0.0000000	0.0000000	0.0000000	0.0000000
NaOH	14.Na	S41_BML	0.0000000	0.0000000	0.0000000	0.0000000	0.0000000	0.0000000	0.0000000	0.0000000	0.0000000	0.0000000	0.0000000	0.0000000	0.0000000	0.0000000	0.0000000	0.0000000
NaOH	14.Nb	S41_BML	0.0000000	0.0000000	0.0000000	0.0000000	0.0000000	0.0000000	0.0000000	0.0000000	0.0000000	0.0000000	5.5750428	0.0000000	0.0000000	0.0000000	0.0000000	0.0000000
NaOH	14.Nb	S41_BML	0.0000000	0.0000000	0.0000000	0.0000000	0.0000000	0.0000000	0.0000000	0.0000000	0.0000000	0.0000000	0.0000000	0.0000000	0.0000000	0.0000000	0.0000000	0.0000000
NaOH	15.Na	S44_SRF	0.0000000	0.0000000	0.0000000	0.0000000	0.0000000	5.7697048	0.0000000	0.0000000	6.4472295	0.0000000	0.0000000	0.0000000	0.0000000	0.0000000	0.0000000	0.0000000
NaOH	15.Na	S44_SRF	0.0000000	0.0000000	0.0000000	0.0000000	0.0000000	0.0000000	0.0000000	0.0000000	6.9680135	0.0000000	0.0000000	0.0000000	0.0000000	0.0000000	0.0000000	0.0000000
NaOH	15.Nb	S44_SRF	0.0000000	0.0000000	0.0000000	0.0000000	0.0000000	0.0000000	0.0000000	0.0000000	5.9719510	0.0000000	0.0000000	0.0000000	0.0000000	0.0000000	0.0000000	0.0000000
NaOH	15.Nb	S44_SRF	0.0000000	0.0000000	0.0000000	0.0000000	0.0000000	0.0000000	0.0000000	0.0000000	6.8820589	0.0000000	0.0000000	0.0000000	0.0000000	0.0000000	0.0000000	0.0000000
NaOH	16.Na	S44_BML	0.0000000	0.0000000	0.0000000	0.0000000	0.0000000	0.0000000	0.0000000	0.0000000	6.4390133	0.0000000	14.7981014	0.0000000	0.0000000	0.0000000	0.0000000	0.0000000
NaOH	16.Na	S44_BML	0.0000000	0.0000000	0.0000000	0.0000000	0.0000000	0.0000000	0.0000000	0.0000000	6.1621888	0.0000000	11.3573880	0.0000000	0.0000000	0.0000000	0.0000000	0.0000000
NaOH	16.Nb	S44_BML	0.0000000	0.0000000	0.0000000	0.0000000	0.0000000	5.5345936	0.0000000	0.0000000	6.5274960	0.0000000	7.8932899	0.0000000	0.0000000	0.0000000	0.0000000	0.0000000
NaOH	16.Nb	S44_BML	0.0000000	0.0000000	0.0000000	0.0000000	0.0000000	0.0000000	0.0000000	0.0000000	6.7360624	0.0000000	0.0000000	0.0000000	6.2841685	0.0000000	0.0000000	0.0000000
NaOH	17.Na	S1_100	0.0000000	0.0000000	0.0000000	0.0000000	0.0000000	0.0000000	0.0000000	5.6508851	5.6812221	0.0000000	6.4535497	6.5218078	0.0000000	0.0000000	0.0000000	0.0000000
NaOH	17.Na	S1_100	0.0000000	0.0000000	6.3113454	0.0000000	0.0000000	0.0000000	5.8265865	5.0220259	6.4415414	0.0000000	9.5719333	0.0000000	0.0000000	0.0000000	0.0000000	0.0000000
NaOH	17.Nb	S1_100	0.0000000	0.0000000	0.0000000	0.0000000	0.0000000	0.0000000	0.0000000	0.0000000	6.0111362	0.0000000	7.8635849	0.0000000	0.0000000	0.0000000	0.0000000	0.0000000
NaOH	17.Nb	S1_100	0.0000000	0.0000000	0.0000000	0.0000000	0.0000000	0.0000000	0.0000000	0.0000000	7.2814951	0.0000000	6.9237721	0.0000000	0.0000000	0.0000000	0.0000000	0.0000000
NaOH	18.Na	S1_200	6.2411912	0.0000000	0.0000000	0.0000000	0.0000000	0.0000000	0.0000000	0.0000000	7.4641487	0.0000000	9.9505129	0.0000000	0.0000000	0.0000000	0.0000000	0.0000000
NaOH	18.Na	S1_200	0.0000000	0.0000000	0.0000000	0.0000000	0.0000000	5.2792578	0.0000000	0.0000000	7.8288239	0.0000000	7.5867605	0.0000000	0.0000000	0.0000000	0.0000000	0.0000000
NaOH	18.Nb	S1_200	0.0000000	0.0000000	0.0000000	0.0000000	0.0000000	0.0000000	0.0000000	0.0000000	7.5703280	0.0000000	0.0000000	0.0000000	0.0000000	0.0000000	0.0000000	0.0000000
NaOH	18.Nb	S1_200	0.0000000	0.0000000	6.0718100	0.0000000	0.0000000	8.1587380	0.0000000	0.0000000	6.8877470	0.0000000	7.0286874	0.0000000	0.0000000	0.0000000	0.0000000	0.0000000
NaOH	19.Na	S6_SRF	0.0000000	0.0000000	0.0000000	0.0000000	0.0000000	16.3301164	6.9168199	20.2852935	5.4467429	0.0000000	5.2141598	23.3309949	9.8613982	16.1702155	0.0000000	0.0000000
NaOH	19.Na	S6_SRF	0.0000000	0.0000000	6.7177338	0.0000000	0.0000000	0.0000000	7.0716647	18.4802462	6.2810085	0.0000000	8.1043843	19.6513781	8.4197620	14.7292113	0.0000000	0.0000000
NaOH	19.Nb	S6_SRF	5.0492027	0.0000000	0.0000000	0.0000000	0.0000000	0.0000000	6.7600791	20.6246879	6.7626072	0.0000000	8.9285376	20.0166853	8.9531863	14.5054764	0.0000000	0.0000000
NaOH	19.Nb	S6_SRF	0.0000000	0.0000000	7.3484892	0.0000000	0.0000000	0.0000000	7.8882337	18.7633909	5.1775026	0.0000000	7.7485574	20.9451218	5.6218123	15.7353861	0.0000000	0.0000000
NaOH	20.Na	S6_BML	0.0000000	0.0000000	5.6628935	0.0000000	0.0000000	28.7739456	0.0000000	0.0000000	7.6082491	0.0000000	5.3879651	15.8554698	5.9251815	13.1320984	0.0000000	0.0000000
NaOH	20.Na	S6_BML	0.0000000	0.0000000	0.0000000	0.0000000	0.0000000	0.0000000	0.0000000	0.0000000	7.7428692	0.0000000	6.4042522	16.9412791	9.8677183	12.3256417	0.0000000	0.0000000
NaOH	20.Nb	S6_BML	0.0000000	0.0000000	0.0000000	0.0000000	0.0000000	0.0000000	0.0000000	0.0000000	6.8586741	0.0000000	8.3729925	17.1138204	6.6197708	11.5590022	0.0000000	0.0000000
NaOH	20.Nb	S6_BML	0.0000000	0.0000000	0.0000000	0.0000000	0.0000000	6.5167517	0.0000000	0.0000000	7.3769300	0.0000000	8.3831049	15.9325762	0.0000000	12.1663728	0.0000000	0.0000000
NaOH	21.Na	S6_100	0.0000000	0.0000000	14.8613034	0.0000000	0.0000000	18.0321445	0.0000000	0.0000000	7.7175885	0.0000000	6.4307970	19.7872623	0.0000000	9.9606252	0.0000000	0.0000000
NaOH	21.Na	S6_100	0.0000000	0.0000000	0.0000000	0.0000000	0.0000000	0.0000000	0.0000000	0.0000000	7.3958906	0.0000000	6.5350802	13.3798500	7.9792445	10.3948225	0.0000000	0.0000000
NaOH	21.Nb	S6_100	5.2015194	0.0000000	0.0000000	0.0000000	0.0000000	13.7419971	0.0000000	0.0000000	7.4281236	0.0000000	7.7719421	11.1102684	6.7954722	11.7353356	0.0000000	0.0000000
NaOH	21.Nb	S6_100	0.0000000	0.0000000	0.0000000	0.0000000	0.0000000	0.0000000	0.0000000	0.0000000	8.0291740	0.0000000	6.6286191	13.3608894	0.0000000	11.8105459	0.0000000	0.0000000
NaOH	22.Na	S6_200	0.0000000	0.0000000	6.9477889	0.0000000	0.0000000	11.4382865	0.0000000	0.0000000	7.3036158	0.0000000	7.2303015	16.0969012	6.6305152	13.9044260	0.0000000	0.0000000
NaOH	22.Na	S6_200	0.0000000	0.0000000	0.0000000	0.0000000	0.0000000	0.0000000	0.0000000	0.0000000	6.8757387	0.0000000	0.0000000	16.5930364	7.2770710	14.7854610	0.0000000	0.0000000
NaOH	22.Nb	S6_200	0.0000000	0.0000000	0.0000000	0.0000000	0.0000000	5.9536224	0.0000000	0.0000000	7.3756660	0.0000000	10.4719289	19.9629637	8.8248864	15.4832104	0.0000000	0.0000000
NaOH	22.Nb	S6_200	0.0000000	0.0000000	0.0000000	0.0000000	0.0000000	0.0000000	0.0000000	0.0000000	7.4666768	0.0000000	0.0000000	18.7836155	8.5897752	15.6658640	0.0000000	0.0000000
NaOH	23.Na	Solvent_control	0.0000000	0.0000000	0.0000000	0.0000000	0.0000000	0.0000000	0.0000000	0.0000000	0.0000000	0.0000000	0.0000000	0.0000000	0.0000000	0.0000000	0.0000000	0.0000000
NaOH	23.Na	Solvent_control	0.0000000	0.0000000	0.0000000	0.0000000	0.0000000	0.0000000	0.0000000	0.0000000	0.0000000	0.0000000	0.0000000	0.0000000	0.0000000	0.0000000	0.0000000	0.0000000
NaOH	23.Nb	Solvent_control	0.0000000	0.0000000	0.0000000	0.0000000	0.0000000	0.0000000	0.0000000	0.0000000	0.0000000	0.0000000	0.0000000	0.0000000	0.0000000	0.0000000	0.0000000	0.0000000
NaOH	23.Nb	Solvent_control	0.0000000	0.0000000	0.0000000	0.0000000	0.0000000	0.0000000	0.0000000	0.0000000	0.0000000	0.0000000	0.0000000	0.0000000	0.0000000	0.0000000	0.0000000	0.0000000
